Individual	Population	PC1	PC2	PC3	PC4	PC5	PC6	PC7	PC8	PC9	PC10
190	48.1	-0.0551046	0.0664842	0.045626	-0.0470469	0.073693	0.0347583	-0.01422	-0.00131232	-0.0994818	-0.0602102
191	48.1	0.0013548	0.0337565	1.77E-05	0.0204412	-0.00413296	0.063128	-0.0559612	-0.014576	-0.0108797	0.0362967
192	48.1	-0.0771237	-0.0775345	0.0615367	-0.0739538	0.150631	-0.0310587	-0.144133	0.090137	-0.187602	-0.0923879
193	48.1	0.0207217	-0.00925679	-0.052675	0.0279935	-0.016515	-0.00209032	0.0578827	-0.000282706	-0.0171987	-0.045308
194	48.1	0.108063	0.120719	-0.322606	0.024721	0.257024	-0.34783	-0.0215322	-0.44847	-0.104668	0.159252
195	48.1	0.21088	0.1778	-0.0637932	0.404608	0.161073	-0.0808037	-0.168874	0.0509415	0.21584	0.0498056
196	48.1	-0.00968914	-0.0126742	0.0590842	-0.0460952	0.0196524	0.0102557	-0.0859028	0.00148782	0.0953383	-0.0540233
197	48.1	-0.0226904	0.0615209	-0.0389183	-0.00918468	-0.0279044	0.0229624	-0.0403523	-0.0562951	0.0530751	0.0174188
198	48.1	-0.0404244	-0.0489437	-0.252892	0.0436087	-0.507177	-0.196249	0.312398	-0.133804	-0.24003	-0.132412
199	48.1	0.0157422	-0.0165088	-0.0415914	0.00839342	0.0269898	0.0234432	-0.0163671	0.0319756	-0.0645004	0.00968033
200	48.1	-0.00842816	0.00330659	0.0194683	-0.00579544	0.0107882	0.00270692	-0.0133611	0.0106029	-0.00292062	-0.0414492
201	48.1	-0.00664757	0.0828656	0.0576144	-0.0590081	-0.144922	0.0295932	0.152045	-0.0879453	0.141764	-0.0925423
203	48.1	-0.0633809	-0.0776632	0.0184292	0.0104145	-0.00636059	0.00597442	-0.0208164	0.0262494	-0.00606966	-0.00421794
204	48.1	-0.239279	-0.406256	-0.410961	0.0288338	0.0517996	0.274498	-0.053595	0.105848	0.0272607	0.168302
206	48.1	-0.0289875	0.0202078	0.0184355	-0.00261899	0.0662645	-0.00647916	0.0104035	0.0653841	-0.0420252	0.0659113
207	48.1	0.0607216	-0.0834036	-0.0486205	-0.0177513	-0.016237	-0.379241	-0.171258	0.377204	-0.217417	0.174402
208	48.1	0.159045	0.042461	0.0747078	0.16941	-0.075707	-0.10661	0.0141219	-0.00586903	0.0740507	0.0556204
209	48.1	-0.0252821	-0.00711354	0.0109503	-0.061293	-0.00169812	-0.0287015	0.0389305	-0.0455587	-0.0357966	-0.0287458
210	48.1	0.0243574	0.055641	-0.0186663	-0.0277916	-0.0304788	0.0191717	0.024008	0.00502921	-0.104846	0.107136
211	48.1	-0.0110611	-0.0799995	-0.00757339	0.0333902	-0.0190277	0.0807239	-0.0364272	0.00298952	-0.0102841	0.0114408
212	48.1	0.754039	-0.400897	-0.0514706	-0.0670884	-0.216519	0.0979644	-0.0332363	0.0115402	0.0109877	-0.123624
213	48.1	-0.0560193	0.0177455	0.0149946	-0.0393954	-0.0444264	-0.0247061	-0.0883239	-0.0320533	0.0747073	-0.0173005
214	48.1	0.322595	0.204384	0.115531	-0.125087	0.0237763	0.240674	-0.185285	-0.00132402	-0.067682	0.187793
215	48.1	0.0029524	0.0170784	0.0235444	-0.0447938	-0.0546169	-0.0357019	0.112038	0.00115193	0.0542968	0.083541
216	48.1	-0.00295507	0.210343	0.179812	-0.0489984	-0.0181813	0.213877	0.14234	-0.0788221	-0.092545	0.0404807
217	48.1	-0.0988948	0.0275449	-0.0160419	-0.0645989	-0.0636385	-0.147037	-0.243135	-0.061647	-0.0896824	-0.236858
218	48.1	0.105368	0.0486058	-0.00530315	-0.110444	0.0665003	-0.0539544	0.0144639	-0.0390522	-0.133765	-0.0420765
219	48.1	-0.00968331	0.0980548	0.0144181	0.00337301	-0.110091	0.0860145	-0.129277	-0.24182	0.0217086	-0.164806
223	48.1	0.00225214	-0.0314475	-0.0436673	-0.0803499	-0.050905	0.110282	0.0323885	0.00890631	0.179059	-0.0911044
224	48.1	0.00449516	0.0405087	-0.0101759	0.0580565	-0.0155764	0.00238401	-0.035439	-0.00455326	-0.0341258	-0.0533934
225	48.1	0.0151192	0.0109388	0.0230301	-0.18393	0.035413	-0.0223849	0.0284412	0.137567	0.109393	0.163325
226	48.1	-0.0227839	0.025652	-0.0777911	-0.00811573	0.00956083	-0.00285421	0.0670016	0.0639891	-0.156956	0.0388266
228	48.1	0.0069597	0.036693	0.00334624	0.10262	0.0898367	0.0394019	0.00609356	-0.0762858	0.0495812	-0.0350379
229	48.1	-0.00931348	-0.0202753	0.0361088	-0.00765912	-0.0167013	0.0258767	0.0151758	-0.00925454	-0.006163	-0.010541
230	48.1	0.00729634	-0.0235236	-0.000611781	-0.00573456	-0.0188763	-0.132924	0.00313756	-0.00515343	0.0362055	-0.0284552
231	48.1	-0.0247165	0.0235646	-0.081193	-0.0344489	-0.00172552	-0.0309884	-0.00387052	0.0236912	0.00123395	-0.049419
232	48.1	-0.0256114	0.00352304	-0.000871469	-0.000784604	-0.012565	0.0272116	0.0924888	0.0689812	-0.0171242	-0.0340987
233	48.1	0.0350948	0.0324964	0.00933809	0.0433903	0.0266975	0.059517	0.00644532	0.0176575	-0.0340503	0.0210141
234	48.1	0.00977994	0.08816	0.0255892	-0.124219	-0.0819611	0.0118008	-0.0444939	-0.0575944	0.0637561	0.00329576
235	48.1	0.048449	0.0374252	0.0489661	-0.0665773	-0.0626095	0.0706831	-0.106342	-0.0549707	-0.0130119	-0.00662386
238	48.2	-0.0156292	-0.0721091	-0.00986561	-0.0963568	0.0269743	0.0618227	-0.0273409	0.0580229	-0.173631	0.00913014
240	48.2	-0.00833106	-0.0135083	0.0311553	0.017666	0.0294121	-0.00375223	-0.0582511	0.0386419	-0.0424211	-0.00488282
241	48.2	-0.0578074	-0.124908	0.0250372	-0.133129	0.00993527	0.019247	0.172388	-0.00916948	0.0296679	0.0088893
242	48.2	-0.0103464	0.0248776	-0.0634115	0.055087	0.00885422	0.018319	-0.0312057	-0.0636169	-0.00901866	0.0984522
243	48.2	0.00480337	0.0536831	-0.0613989	0.0335152	0.0384258	0.0187354	-0.0130232	-0.0364643	0.0162077	0.0039925
244	48.2	-0.0815336	-0.0312338	-0.0472253	0.0632528	-0.0496659	0.0106334	0.0671835	0.0563582	-0.0125448	-0.0329109
247	48.2	-0.0332081	-0.0144852	-0.0154261	0.00561132	0.0187124	-0.0249957	-0.0902554	0.0314701	-0.00364373	0.00281285
248	48.2	-0.0364194	0.0571408	0.0174	-0.00160369	-0.0480022	0.101827	0.124645	-0.0336542	-0.0108017	0.015168
249	48.2	-0.0170681	0.0476844	0.0441975	-0.0268779	0.000597367	0.0175236	-0.0136322	0.00884127	0.0587644	-0.109928
250	48.2	0.00253605	-0.00595975	-0.108361	-0.059606	-0.0495892	0.0317199	0.0187109	-0.0286953	-0.0256801	-0.0584855
251	48.2	0.0230831	0.00517701	0.022338	0.0361598	-0.0381611	-0.0333126	0.00404018	0.011576	0.0285256	-0.0438505
252	48.2	-0.0191684	0.0975336	0.0251709	-0.00526728	0.0586134	0.0106738	0.00188848	-0.0637415	0.00232729	-0.00365479
253	48.2	-0.0680053	0.0109218	-0.00661835	0.0906933	0.0226541	0.0603557	-0.193045	0.109544	-0.10296	0.104454
254	48.2	-0.00332892	0.0250639	0.00734218	-0.0405616	-0.0103589	-0.0246986	0.0485244	-0.0579466	0.0743999	0.0431079
258	48.2	-0.00255092	0.00648676	-0.0243407	0.0230832	0.0364047	-0.00473829	0.0214968	-0.0132857	-0.0193846	0.0199514
259	48.2	-0.062514	0.0285126	0.0553405	-0.0155537	0.0535398	0.0598328	-0.0284958	-0.088317	-0.0310577	0.0299298
260	48.2	-0.058545	0.0467738	-0.00277862	0.0223615	-0.0358383	0.00852859	-0.0320345	-0.0107482	0.038127	-0.0292486
261	48.2	0.0890918	-0.0493384	0.185724	0.361179	0.114853	-0.0966038	0.434039	0.230477	0.0968504	0.157158
262	48.2	0.0189436	0.0645305	-0.0295758	0.0437549	-0.0153854	0.0029901	-0.0667443	-0.0522674	-0.029383	0.0463457
263	48.2	-0.0256229	0.0368426	-0.068742	0.0546172	0.0381057	-0.0400363	-0.00534189	0.0522144	0.106495	0.078582
264	48.2	-0.0334777	-0.104654	0.0236691	0.106652	0.0125839	0.0874331	0.0643732	-0.0140268	0.0491413	0.0147673
265	48.2	-0.065328	-0.0129022	-0.003737	0.00976539	0.0154969	0.0550406	0.117135	0.0808059	-0.13178	-0.0134607
266	48.2	-0.126308	-0.093882	-0.196229	0.086008	-0.136808	0.0707587	-0.0174633	-0.0546963	0.243818	0.0216374
267	48.2	0.0484202	0.0724221	0.0162611	-0.06736	-0.0209599	-0.0410204	0.204788	-0.0268754	-0.136655	0.190051
268	48.2	-0.00563501	-0.034593	-0.0639156	0.103869	0.0187252	-0.164206	-0.0108938	-0.11611	-0.0331491	0.166437
269	48.2	-0.0118502	0.00188614	-0.0223821	0.0482324	0.0343372	0.0109005	0.0227982	0.0465229	0.0190639	-0.0389705
271	48.2	0.00411828	0.00664619	-0.0162861	0.0168954	0.00190391	0.0610399	-0.0161304	0.0455291	0.0593673	-0.0451236
272	48.2	0.00275085	0.0329395	-0.0449998	0.0841846	-0.0174315	-0.00429634	-0.000408798	-0.0657966	0.129146	0.0692568
274	48.2	-0.157889	-0.514487	0.550465	0.137645	-0.0303239	-0.149534	-0.127889	-0.348181	-0.0347032	0.136532
275	48.2	-0.00640324	-0.000566582	-0.0163017	-0.0148193	0.0284431	0.113124	-0.0250783	0.0177638	-0.0165838	-0.00893719
276	48.2	0.00785184	0.00583239	0.020342	0.0229972	-0.0114698	-0.056786	0.014965	-0.0143929	-0.0527282	0.0157513
277	48.2	-0.0694466	-0.0457227	0.0226006	-0.182551	0.00615244	-0.309519	-0.0780572	0.114159	0.496893	-0.160443
278	48.2	-0.0533362	0.0392279	-0.00992806	-0.063886	0.0874963	0.0389198	0.0826311	-0.0753018	0.0119679	0.02054
279	48.2	0.0307796	0.0607206	0.00917329	0.00834783	0.0209481	-0.0836661	0.0476874	0.00795575	0.00202845	0.0677543
280	48.2	-0.00836916	-0.0191529	-0.0452973	0.000924487	0.027607	0.0566697	-0.00757868	-0.0048299	0.0341888	0.00638276
281	48.2	0.00378299	0.0108059	0.135684	0.167986	0.143936	0.109756	0.149059	0.0793374	-0.144208	-0.228053
283	48.2	-0.0485525	-0.0666012	-0.025918	0.0133732	0.0506732	0.0461704	0.00856524	0.0130544	-0.0149443	-0.0112963
284	48.2	-0.0200871	-0.0257724	0.0472832	-0.138293	-0.0105385	0.0259195	0.125125	-0.0334739	0.0387051	0.19986
285	48.2	-0.0567947	0.0343182	0.10837	-0.0303274	-0.0265087	0.0196381	0.0541234	-0.0457307	-0.0291096	-0.124382
286	48.2	-0.0399263	0.00246247	-0.0476272	0.0446367	-0.000849583	0.0721945	0.0395766	0.100748	-0.0585399	0.0482634
290	48.4	-0.0463592	0.0316633	0.00978722	0.0216224	-0.0151742	0.0693664	-0.0817498	0.190211	-0.100238	-0.144859
291	48.4	0.0584198	-0.072625	0.0594282	-0.48227	0.309505	-0.12845	0.181105	0.0857854	0.0276682	0.0176124
293	48.4	-0.0235478	-0.0474459	0.0891031	0.0436969	0.111054	0.108061	-0.133097	-0.0301689	-0.0929296	0.010284
295	48.4	0.0189664	0.00271659	-0.0423088	0.0434465	-0.0479749	0.0100224	0.0618043	-0.0289018	0.0369355	-0.0815939
296	48.4	-0.0348097	-0.0453958	0.00187385	-0.0120302	-0.00798051	0.0211732	-0.0535459	0.0128704	-0.00328757	-0.092735
297	48.4	0.0163959	-0.0460215	0.0155799	-0.140324	-0.00503295	-0.0215314	0.0222787	-0.201525	-0.00908773	0.13423
298	48.4	7.53E-05	0.00536657	-0.00403613	-0.014556	0.024546	0.0139193	-0.00891788	-0.0130242	-0.0131423	-0.00523744
299	48.4	0.0683879	-0.0611643	-0.0215508	0.0310928	0.0513285	0.0328485	-0.0608223	0.0604899	0.0615186	-0.00556486
300	48.4	0.00304733	0.0815359	0.0486669	0.0651694	0.11771	0.111035	0.0875957	-0.152633	0.102315	-0.135555
301	48.4	0.0172976	-0.0231982	0.0196866	0.0423297	0.0053744	0.0838009	-0.0311225	-0.0057984	0.134453	0.0365787
304	48.4	-0.00286896	-0.00586369	-0.063542	0.0931369	0.0602562	-0.0263835	0.0380681	0.0225265	0.0389848	0.000322792
305	48.4	0.0220392	-0.0488907	-0.079706	0.0232017	0.0608323	-0.0814375	-0.0889724	-0.0414979	-0.0942803	-0.102707
322	48.4	0.0422658	0.0306032	-0.0244906	0.00232046	0.0109747	0.121524	-0.0753849	-0.00974033	-0.0367451	0.00828751
332	48.4	-0.000667999	0.0749049	-0.058198	-0.0269237	0.0465139	-0.0522474	-0.0508668	0.0192892	0.0669831	-0.140376
335	48.4	-0.00718768	0.0118947	-0.00439401	0.0110643	0.00393127	0.0664513	-0.00822208	0.0356961	-0.028277	0.0208129
337	48.4	-0.00492478	0.00774173	0.0227582	0.0227551	-0.0104109	0.0332557	0.0406765	-0.0219304	0.00357242	-0.0890045
339	48.4	0.0109847	-0.00379979	-0.00526242	0.00745652	0.0235243	-0.000738351	-0.0102124	-0.00576249	-0.00171941	0.000160675
342	48.4	-0.0981588	-0.0229336	-0.103128	-0.0231459	-0.0808987	0.0532085	-0.100863	0.0856694	0.0251891	0.066766
348	48.4	-0.090725	0.220906	0.183325	-0.0881782	-0.477199	-0.0275574	-0.15772	0.147996	0.0915191	0.356584
349	48.4	0.0152004	0.0792008	0.0166762	-0.086034	0.0256257	-0.10323	0.0586345	0.0575956	0.00638153	-0.0244954
353	48.4	0.0088528	-0.05374	0.0460584	-0.109594	0.0778686	-0.0754259	0.0297069	0.0758358	0.0604123	-0.154879
354	48.4	0.0114268	-0.035119	-0.0121403	-0.00597143	0.00634125	-0.0353399	-0.0619189	-0.00953888	0.048686	0.0403983
357	48.4	-0.0340372	0.00866145	-0.0273465	0.0278147	-0.0222657	0.00283802	-0.0192862	-0.0184915	-0.0175528	0.0186024
358	48.4	-0.0167616	-0.0347806	0.0122533	-0.0133347	0.0159592	0.00662989	0.00314851	-0.000310612	-0.0448968	0.017991
388	48.4	-0.0301929	0.0973472	0.149626	0.144231	-0.1185	-0.188266	-0.0907685	0.143141	-0.18859	-0.251963
391	48.4	-0.0210084	0.00958291	0.0275234	0.0236126	-0.0172987	-0.0615108	0.112351	0.11251	0.0823675	-0.111318